version https://git-lfs.github.com/spec/v1
oid sha256:113484db725c0008bfbf626120e1a119ba193bf5258bcfb250c8298066294ca1
size 53329697
